86
1 221
43 195
75 155
77 120
91 95
120 73
163 63
197 65
226 78
248 93
252 128
254 161
247 193
226 218
192 240
164 261
137 277
106 297
82 319
62 342
54 367
44 395
42 423
38 452
44 483
53 517
68 538
87 556
117 563
152 563
180 564
199 557
218 541
227 512
227 484
218 464
202 447
186 432
185 408
190 385
202 365
217 351
234 344
255 340
278 340
300 346
318 364
327 385
337 407
340 427
349 454
354 479
364 503
379 525
408 539
439 544
469 544
498 540
523 527
536 501
538 474
531 446
512 424
488 400
464 378
440 358
414 336
391 319
381 289
372 256
367 221
367 180
368 142
378 111
400 87
428 72
455 77
483 91
502 113
511 141
517 169
524 196
533 226
544 255
559 282
587 310